20
0.00 0.93 0.55 0.69 0.78 1.13 1.11 0.37 0.84 0.73 1.04 1.15 1.14 1.49 0.93 0.25 1.39 0.85 1.33 1.54
0.93 0.00 1.11 0.81 1.13 0.57 0.82 1.42 1.10 0.58 0.38 0.52 0.97 0.98 0.82 0.79 1.37 1.21 0.51 1.29
0.55 1.11 0.00 0.47 0.42 1.39 1.01 0.62 1.13 1.01 1.32 0.69 0.63 1.11 1.23 0.59 1.55 0.63 0.82 0.95
0.69 0.81 0.47 0.00 0.93 0.99 1.18 0.79 1.20 0.58 0.73 0.59 1.20 1.29 1.06 0.33 1.00 0.62 0.43 1.32
0.78 1.13 0.42 0.93 0.00 1.16 0.38 0.68 0.67 1.11 1.79 1.31 0.78 0.63 1.41 0.71 1.69 0.57 0.88 0.90
1.13 0.57 1.39 0.99 1.16 0.00 0.46 1.23 1.18 0.48 0.68 1.21 1.02 1.36 1.49 0.90 0.91 1.38 0.91 1.33
1.11 0.82 1.01 1.18 0.38 0.46 0.00 1.18 0.75 0.75 1.49 1.42 0.94 0.89 1.58 0.90 1.34 1.19 0.97 1.18
0.37 1.42 0.62 0.79 0.68 1.23 1.18 0.00 0.74 0.98 1.29 1.33 0.97 1.09 1.11 0.62 1.14 0.64 1.39 1.23
0.84 1.10 1.13 1.20 0.67 1.18 0.75 0.74 0.00 1.42 1.30 1.25 1.62 0.62 0.53 0.69 1.25 0.70 1.31 0.99
0.73 0.58 1.01 0.58 1.11 0.48 0.75 0.98 1.42 0.00 0.74 0.97 0.94 1.49 1.43 0.73 0.78 1.51 0.85 1.86
1.04 0.38 1.32 0.73 1.79 0.68 1.49 1.29 1.30 0.74 0.00 0.40 1.14 1.29 0.58 0.96 0.75 1.23 0.73 1.17
1.15 0.52 0.69 0.59 1.31 1.21 1.42 1.33 1.25 0.97 0.40 0.00 0.85 0.95 0.59 1.05 1.06 1.07 0.52 0.91
1.14 0.97 0.63 1.20 0.78 1.02 0.94 0.97 1.62 0.94 1.14 0.85 0.00 0.87 1.53 1.50 1.31 1.18 0.89 0.73
1.49 0.98 1.11 1.29 0.63 1.36 0.89 1.09 0.62 1.49 1.29 0.95 0.87 0.00 0.76 1.40 1.27 0.62 0.65 0.47
0.93 0.82 1.23 1.06 1.41 1.49 1.58 1.11 0.53 1.43 0.58 0.59 1.53 0.76 0.00 0.93 0.97 0.82 1.05 0.87
0.25 0.79 0.59 0.33 0.71 0.90 0.90 0.62 0.69 0.73 0.96 1.05 1.50 1.40 0.93 0.00 1.35 0.58 0.89 1.45
1.39 1.37 1.55 1.00 1.69 0.91 1.34 1.14 1.25 0.78 0.75 1.06 1.31 1.27 0.97 1.35 0.00 1.40 1.18 1.21
0.85 1.21 0.63 0.62 0.57 1.38 1.19 0.64 0.70 1.51 1.23 1.07 1.18 0.62 0.82 0.58 1.40 0.00 0.61 0.52
1.33 0.51 0.82 0.43 0.88 0.91 0.97 1.39 1.31 0.85 0.73 0.52 0.89 0.65 1.05 0.89 1.18 0.61 0.00 0.80
1.54 1.29 0.95 1.32 0.90 1.33 1.18 1.23 0.99 1.86 1.17 0.91 0.73 0.47 0.87 1.45 1.21 0.52 0.80 0.00
